Some((
    red: 0.5764706,
    green: 0.6,
    blue: 0.69803923,
))