Some((
    red: 0.42037204,
    green: 0.38077867,
    blue: 0.34912598,
))