Some((
    red: 1.0,
    green: 0.985295,
    blue: 0.9594255,
))